
FINAL POINT:

  INDEX                X(INDEX)
      1 -2.3715742412471173E-05
      2 -3.6240720355105663E-05
      3  8.6107381528613570E-06
      4  2.0000000000000001E-01
      5 -6.7549358658107531E-06
      6  9.7197820553658901E-02
      7  1.0281439719198107E-01
      8  0.0000000000000000E+00
      9  1.4999999999999999E-01
     10  5.2942366244691579E-06
     11  0.0000000000000000E+00
     12  1.3098797927491729E-01
     13  0.0000000000000000E+00
     14  0.0000000000000000E+00
     15  0.0000000000000000E+00
     16  1.8507464541677552E-03
     17  0.0000000000000000E+00
     18  0.0000000000000000E+00
     19  0.0000000000000000E+00
     20  0.0000000000000000E+00
     21 -7.0529025054489355E-05
     22 -6.8139341115308030E-05
     23 -6.9035109761275459E-05
     24  1.7775191705936941E-04
     25  2.2939964335056700E-04
     26  1.8921937018664087E-02

FINAL ESTIMATION OF THE LAGRANGE MULTIPLIERS AND PENALTY PARAMETERS: 

  INDEX           LAMBDA(INDEX)               RHO(INDEX)
      1 -6.0670498855599703E+13   2.0874521964951232E+18
      2 -5.5006087322695088E+12   2.0874521964951232E+18
      3 -8.4056412564256611E+12   2.0874521964951232E+18
      4  1.9971671411816465E+12   2.0874521964951232E+18
      5 -1.5667339678078181E+12   2.0874521964951232E+18
      6 -1.6358440918517066E+13   2.0874521964951232E+18
      7 -1.5804179697653381E+13   2.0874521964951232E+18
      8 -1.6011943500717400E+13   2.0874521964951232E+18
      9  4.1227625521866687E+13   2.0874521964951232E+18
     10  5.3206754376371070E+13   2.0874521964951232E+18
     11  0.0000000000000000E+00   2.0874521964951232E+18
     12  0.0000000000000000E+00   2.0874521964951232E+18
     13  0.0000000000000000E+00   2.0874521964951232E+18
     14  4.3043317337720648E+11   2.0874521964951232E+18
     15  2.8337733302650068E+12   2.0874521964951232E+18
     16  0.0000000000000000E+00   2.0874521964951232E+18
     17  1.2279406522768860E+12   2.0874521964951232E+18
     18  0.0000000000000000E+00   2.0874521964951232E+18
     19  0.0000000000000000E+00   2.0874521964951232E+18
     20  0.0000000000000000E+00   2.0874521964951232E+18
     21  0.0000000000000000E+00   2.0874521964951232E+18
     22  1.9137084116639297E+11   2.0874521964951232E+18
